1578319959.2068522
1578319961.045559
1578319963.043814
1578319965.040426
1578320053.295556
1578320055.0437691
1578320057.042562
1578320059.043365
1578320061.044576
1578320063.0433438
1578320065.046599
1578320067.0453818
1578320069.048886
1578320071.0438578
1578320073.048554
1578320075.0451279
1578320077.044217
1578320079.04721
1578320081.046297
1578320117.043564
1578320119.0443861
1578320121.043585
1578320123.045622
1578320125.063083
1578320127.044232
1578320129.0424168
1578320131.0430489
1578320133.043296
1578320135.044629
1578320137.044586
1578320139.0451388
