1578320059.04802
1578320061.04456
1578320063.043587
1578320065.047005
1578320067.045343
1578320069.048671
1578320071.04386
1578320073.0474932
1578320075.045142
1578320077.044201
1578320079.047081
1578320081.046297
1578320083.0430899
1578320085.090233
1578320087.0427608
1578320089.0407171
1578320091.043354
1578320093.043
1578320095.04305
1578320097.041196
1578320099.044142
1578320101.047431
1578320103.0433202
1578320105.040357
1578320117.043681
1578320119.044147
1578320121.0435588
1578320123.0456152
1578320125.057788
1578320127.0426738
1578320129.042418
1578320131.043006
1578320133.0432692
1578320135.044629
1578320137.044548
1578320139.044978
